-0.2692888863550243
-0.3333362449968264
-0.18182454424837674
0.16507334786111685
0.3217109869911054
0.7335378251564032
-0.4027776018689058
-1.0823322469378658
2.01947837597192
0.4586194723061174
-0.9178692772713969
-1.91983467739653
-0.34203107891586904
2.109209333216667
-0.13810462957070754
0.650563633221424
0.01892564669202944
-0.7477140911941789
2.0050949200983563
0.17253029222821925
0.5104152274064441
-2.1383356553673503
-1.3339694743147636
0.19416677926992543
0.6145803737464528
-0.9476224912596917
0.4244864996190985
-0.4332004295233799
1.2635246454896123
0.46654831773898114
0.20466109017626602
0.4437768629833274
-0.6644981925293993
-1.6762240518557285
0.17643522197575132
-0.23371059468283334
0.11345861927906287
-1.0338456099492317
0.5105658205779873
-0.6746949579407563
-0.53170860408535
-1.2215618427542343
-2.07026391402034
-0.25706241615038833
1.3063655549506548
-0.9027528323409034
-1.3786019778312373
0.39288292317675994
1.1464933706111546
-1.0050437092016147
-0.17975032290446077
2.7653044889944964
0.1984573333149932
-0.07235791234957205
-1.90048957540634
-0.7516956904758262
-0.9326249551503657
-0.2754394020793468
0.04109715718798045
0.18021769421599196
-1.178503708139692
-0.2545204219103472
0.9449152802666637
0.5869699964587995
-0.23563257144841204
-1.5447717767078144
-0.10968307992604588
1.829912768056085
0.3812482784096901
0.8234770351516977
1.4217262653565352
-0.04216314608714914
-0.962997953099292
-0.7982091402189333
-0.5539343891785338
0.6689739457330206
-0.06877455766366072
-0.7683289467693796
0.004367757700680362
1.6111061780229683
-0.9957384937776829
0.9567047765414683
-1.023839802038857
0.76705441022415
0.18884312339127188
-0.5154240232282131
-0.5074509784939075
1.6466188375756197
-0.5482459152772263
-0.29511575128017997
0.8376019161248347
-0.2167310676020131
-0.43386815797913014
-1.7102710279635527
0.06825167618074818
-1.6045918342665397
-0.7415594654616159
0.07333248731524676
1.6134710917580335
0.5962818249639663
