1.2449435561266884
-1.2051078628340457
0.4621838886928502
0.2588079661404989
1.3229320223461754
-0.30411739358461787
-1.1483182494366977
0.7832722701465287
-0.2979493483230052
-0.27336602495274875
0.5563381615543109
-0.5943359207414443
-0.590695406159344
1.0739185932123432
-0.06834594315222661
0.6264025103410867
0.07585473305391303
1.0175745186179217
-0.4055454818214967
0.8093013755388542
0.30054007754309703
-0.37837763103459027
0.4268459417478063
-0.986830072133383
0.26678575237411606
0.14908799032945258
-0.32082335002872125
0.3556267792435072
0.5813920941707226
1.5818140383178847
1.1060347778300288
1.5313584887383187
-1.079109149954407
1.726074481616555
0.23426758654132696
-0.7415265420025295
-1.0176691579688684
-0.6475119847572052
-0.25221837072855885
2.2732266115474644
0.5157682357790708
1.7276030203208415
0.01107905513557422
-0.3980363526143244
0.9897464590509827
-1.002632730020803
-0.331609695025332
0.5173874610445874
-1.03470278670356
0.5272377888618197
2.1295702822167026
1.6888289321218204
0.529017240525988
2.2178800127236404
0.19750011601319387
0.3177401749144364
-0.22558919478244085
-0.5304897169559059
1.902755407034568
0.24234426648394297
-0.7149783764934898
0.0065507173069767185
-1.7929435873133086
0.23627187768160154
0.3601496427431371
-0.7906247741264755
1.738113056481272
-0.2596882026786246
0.30377626021365844
-0.4868800488660092
-0.2162764003539366
-0.202723569496496
-1.5306660588825027
0.5465873512891263
-1.1710824320169
0.0086740580388891
-0.1049659177469826
-1.9651378001789077
1.8848172055083163
-0.5546897571605879
0.7078208139204455
-0.8947160626746379
-1.9934271441528357
-1.0826228632256172
0.33649922731466203
0.18692892955571394
-1.4263902327900586
1.2216648093142712
0.23486372023898627
-0.6661057360638206
-0.9569547068166204
-1.2686309839488705
-0.1889949387672778
0.5245010039990008
2.1133855704671944
-0.21469959821672296
-1.065910449109647
-1.2180929983627427
0.02495075139328344
-0.22655307123558405
