-0.01757319431076665
1.1262057109146781
-0.04510557160327666
0.12790565382614744
-0.9113294182464662
1.9400931946388702
0.42555156683827733
0.8435992910248828
-0.6716363049355318
1.6150485313580913
0.439849315503018
0.3632043470791253
-0.42782880545634583
1.17507382121916
1.1510899371744983
1.3664767066911407
0.9898790137006683
1.3015103885095685
-0.5740196074735526
0.7581567544986298
1.069977387725766
0.08640990991765951
0.5503015751001943
-0.09617032856112984
1.8685619914514937
1.3359691689074635
0.37950570415812085
-0.03546946012663965
-0.10342577593833091
1.856239584220132
1.5660591800380526
1.5409692805191677
0.4827064422148519
0.2798521498975578
-0.8867161538235218
0.8103479578477687
2.8820320767867766
1.2411605845035336
2.6689383471681283
0.5835505727910324
-1.5182253611580356
0.3479767166455772
1.3841169989257256
0.5595318113968224
-0.25889421713422966
0.882844589095168
-0.5152432490293433
0.3611242306476688
1.2327642523716913
-0.19230983445833305
-0.7095119620220807
0.32213729132235736
0.6744863205527998
0.6887028438221641
0.30752650811949667
0.7732031571962674
0.7278626420872202
0.4579955334832851
1.182422318005501
-0.327863690221626
2.9329517637166793
-0.7306898374836688
0.04743095554901994
-0.12859147213878797
2.6928180857820627
1.7195368590571085
0.49417366756595027
0.9507562661526641
1.6173828672939765
0.7536159980237973
1.6422206233541379
2.149105001057583
0.8459807469600618
1.838155579940871
-0.6593805253369738
0.41811977889592
-1.0393801818958057
0.7628783517966762
0.6793044883493529
0.9318788087912391
0.4309178659190707
1.1285581422124888
1.6703663816144256
1.4436867918210843
0.7285235937940912
-1.2975405892185976
2.232257114164362
0.4548893870803874
0.14821691456687758
-1.0487864050518387
0.4819286807616711
0.48919797024363293
0.22028497069036684
1.7918925132760732
-0.32614635484258503
0.21413250268420253
-0.3282521105128302
-0.6367896330584168
0.18701233243035842
-0.008677846046946547
