0.4686577455020866
0.25034347461135587
-0.35289840726199584
1.8393462075850713
2.3061200356303058
0.751898060088841
1.3206109708524179
0.6227138245880095
2.6199418020431997
1.594857181939095
2.056671639576269
1.4214636808623469
1.217945828567381
0.9435873635714583
3.700259757134633
0.947055501673049
-0.5417413377510116
0.6608566522637439
1.1416085192417125
-0.041957100758122756
1.428986908405463
2.081759458728053
0.8895277532754031
2.2695540070584936
1.75979747678192
2.1071204242100787
0.4374780126970097
0.3817090450697648
0.6726263511203658
1.3720496930155368
-1.0122516385028217
0.6235507255110293
0.37835419723472363
-0.6780629521076318
-0.7686052692287588
0.2744254684407692
-0.830959130092072
1.9658030008046148
1.3663993153618836
0.09515149761654873
-0.18195425392632547
0.041563782604450594
2.039483401175565
1.0173120321353408
1.4302805705650814
0.1894313869912514
1.1964319099600615
1.5690019907565045
1.7403265782394528
-0.43201922766994616
1.49755236338406
1.6527525206714244
0.48121556157508905
1.2745059700238301
1.9258926035092352
1.881744169489525
-0.19501578890377913
1.2388370032205138
0.1252440321369891
0.8871111870889633
1.9595140781955684
-0.08557040975495567
2.529100412802756
1.6003751274382072
1.8446736393388756
-1.2216436176770964
0.4841218284106463
1.459281484740357
1.512094132288396
-0.33620780678837336
0.11538267868358676
-0.2041195369464439
0.5237202491268347
-0.10169812598917627
0.6074818691846513
1.79748406877549
1.1571563293809946
1.8049207379848287
0.21670849371631595
2.476197123168936
-0.10906546658105642
1.8429163864210958
0.2974161014169019
0.05967846252028475
0.8223912358879986
0.41417804893843646
1.5250975889392135
0.4783393476322966
0.5863470595495004
-0.1874250098660999
1.44135373874869
0.8587444537378375
-0.7153627879898967
3.306205556480366
1.2811689375964963
2.2087898824500054
-0.2896920137893857
0.4488137145619643
0.7751797310463813
1.529303620863002
