-1.6253985910076585
-1.9304405858824154
-2.2212050411453856
-0.32468366969973195
-0.35827154940442885
-0.4882590108793321
-0.5204591313799997
-0.45598797888964615
-1.6767792462216273
0.2224139670105043
-1.4103299244041339
0.9381707558687473
-1.4422828570122062
-2.7717939871657626
-1.6898555841719838
-2.2154942235752637
0.3036411313367735
-1.4737666864673264
0.9026216661987494
-1.8362163026575888
-1.1536884881470473
-1.5822537880403824
-0.5719503591304623
-0.38769046951270814
-1.3812655683038708
-0.5480662088437838
0.14980758929966997
0.5033281365596574
-2.5991541584188105
-1.2020151622953872
0.9908135475558333
0.9363275987273079
-0.9279832222239217
-0.5172732057181206
-2.0917256241305804
-1.0708665616677733
1.0352269830266003
-1.6500765410920661
-0.10548305959483317
-1.3206601561580422
-0.46677081976798906
-0.999068783735876
-0.9866988279817872
-0.47034211084784205
-0.6485659340873491
-0.635716340104683
-1.863744001621939
-0.32030419761373186
-0.18048426656385452
-1.5824987997511175
-1.69718031140235
-1.7495514602664546
-0.37439724395815055
-0.19241567553394157
0.17349230631438095
-1.6288279129617345
0.5765969372822839
-1.240573749085403
-1.3141830855745624
-0.2322108676382495
-1.1976416467444022
-0.07546386447486053
-1.5371123267576
-0.462677490478016
-1.1609712294257393
-3.070901404859619
0.19658090752113244
-1.3530483330575445
-2.356890026018184
-1.984866120543826
-0.9420865583523297
-1.2221298131518756
-0.8577538629070742
-2.3034109539241117
-2.3375873421205435
-0.3991235362983824
0.0948439545530364
0.11499010288150568
-0.6812630794052998
-0.5051383026976002
-0.5967486669821203
-1.5292350654225135
-1.604433211567293
-1.1374529359160768
-1.9306200786246903
-0.6745835996906542
0.06046440174002754
-0.5618050766010771
-0.7559499569509218
0.044483293232700394
-1.0559246933037334
-1.4016744701456525
-1.3465236886828826
-1.1262694856426905
-1.0615462828798985
-0.6313212013775975
-0.7348427718102348
-0.044646051348597116
1.159715920645704
-1.522638137660586
