-0.5993994773304864
-0.10428804702238104
-0.7796977884037177
0.11568814381398573
-1.5322587636956282
-0.023209776548603345
-0.8882768415571052
-0.07031849667048451
0.008707050334515243
-2.6618406503602325
0.8950385987314149
-0.7570861922502676
1.2934682623813463
-1.9935870251223315
-1.9229667664648182
0.03420594314835124
-1.0539093225907523
-1.340933465662038
-0.9394004705375141
-0.5446558578188697
-0.21528987041710373
0.23388234117714723
0.003558902204427783
-1.502777343569491
0.4681192815112767
-1.3779156507238093
0.7810602201892201
-2.962502039119436
0.41595326470315275
-1.2644939569590163
-1.3529899486578012
-0.025880599893629452
-0.8120078288748127
-1.0194542307688654
-1.2143937877662774
-1.7775564644575237
-0.5420410952281687
-1.8137317514111166
-1.6436029350590542
0.7832249488881324
-0.41282618132388726
0.3096211317465065
-0.8270485735620188
-0.7113223240748184
-1.25001195141946
-0.8418561991572486
-1.358211518488031
-0.6285414098428255
-0.680910580082523
0.9872799416388787
-2.2108759092160493
0.7389896752730842
-0.5885920082154481
0.24466256249950102
-1.3023389333023634
-0.6219017477749107
-0.9431517860407921
0.147907410212742
0.8996498893407181
-1.2608590053879514
-0.1905214484077185
-0.725082165395888
-0.6349017582137315
-0.622590836208097
0.4492598750731187
-1.0618832954711106
-0.9706332215176601
0.00421912209709685
-0.8962436132911689
0.3066566937777756
-0.42656990299293346
-0.6936147982864924
0.7411364176121136
-0.8172382445525965
1.2408916354017954
-0.355748322704897
0.10253971029888398
-0.46068232171912
-1.7011030264783509
-0.5633767347040848
0.7477826241002441
-1.205074128476311
-2.4165778474907533
-1.951058339498226
-0.9235161877572713
-0.922644556101516
-1.383365124904373
-1.8270477223906958
0.4530198767870516
-1.4020944888982276
-1.0998727754009534
0.7603308037772722
-0.8318851711959303
0.5552525373149397
0.9538333355739288
-0.8086431737367028
-0.26688970685374414
-0.33533004071034755
-1.0302309591690877
-1.8815115141727754
